#noutput  nstep     sim_time        sim_dt          
#         0          9   1.00000000e-02   1.00000000e-03
#i        x1                          rho             prs             vx1
         0   5.00000000e-03   1.00000000e+00   1.00000000e+00   0.00000000e+00
         1   1.50000000e-02   1.00000000e+00   1.00000000e+00   0.00000000e+00
         2   2.50000000e-02   1.00000000e+00   1.00000000e+00   0.00000000e+00
         3   3.50000000e-02   1.00000000e+00   1.00000000e+00   0.00000000e+00
         4   4.50000000e-02   1.00000000e+00   1.00000000e+00   0.00000000e+00
         5   5.50000000e-02   1.00000000e+00   1.00000000e+00   0.00000000e+00
         6   6.50000000e-02   1.00000000e+00   1.00000000e+00   0.00000000e+00
         7   7.50000000e-02   1.00000000e+00   1.00000000e+00   0.00000000e+00
         8   8.50000000e-02   1.00000000e+00   1.00000000e+00   0.00000000e+00
         9   9.50000000e-02   1.00000000e+00   1.00000000e+00   0.00000000e+00
        10   1.05000000e-01   1.00000000e+00   1.00000000e+00   0.00000000e+00
        11   1.15000000e-01   1.00000000e+00   1.00000000e+00   0.00000000e+00
        12   1.25000000e-01   1.00000000e+00   1.00000000e+00   0.00000000e+00
        13   1.35000000e-01   1.00000000e+00   1.00000000e+00   0.00000000e+00
        14   1.45000000e-01   1.00000000e+00   1.00000000e+00   0.00000000e+00
        15   1.55000000e-01   1.00000000e+00   1.00000000e+00   0.00000000e+00
        16   1.65000000e-01   1.00000000e+00   1.00000000e+00   0.00000000e+00
        17   1.75000000e-01   1.00000000e+00   1.00000000e+00   0.00000000e+00
        18   1.85000000e-01   1.00000000e+00   1.00000000e+00   0.00000000e+00
        19   1.95000000e-01   1.00000000e+00   1.00000000e+00   0.00000000e+00
        20   2.05000000e-01   1.00000000e+00   1.00000000e+00   0.00000000e+00
        21   2.15000000e-01   1.00000000e+00   1.00000000e+00   0.00000000e+00
        22   2.25000000e-01   1.00000000e+00   1.00000000e+00   0.00000000e+00
        23   2.35000000e-01   1.00000000e+00   1.00000000e+00   0.00000000e+00
        24   2.45000000e-01   1.00000000e+00   1.00000000e+00   0.00000000e+00
        25   2.55000000e-01   1.00000000e+00   1.00000000e+00   0.00000000e+00
        26   2.65000000e-01   1.00000000e+00   1.00000000e+00   0.00000000e+00
        27   2.75000000e-01   1.00000000e+00   1.00000000e+00   0.00000000e+00
        28   2.85000000e-01   1.00000000e+00   1.00000000e+00   0.00000000e+00
        29   2.95000000e-01   1.00000000e+00   1.00000000e+00   0.00000000e+00
        30   3.05000000e-01   1.00000000e+00   1.00000000e+00   0.00000000e+00
        31   3.15000000e-01   1.00000000e+00   1.00000000e+00   0.00000000e+00
        32   3.25000000e-01   1.00000000e+00   1.00000000e+00   0.00000000e+00
        33   3.35000000e-01   1.00000000e+00   1.00000000e+00   0.00000000e+00
        34   3.45000000e-01   1.00000000e+00   1.00000000e+00   0.00000000e+00
        35   3.55000000e-01   1.00000000e+00   1.00000000e+00   0.00000000e+00
        36   3.65000000e-01   1.00000000e+00   1.00000000e+00   0.00000000e+00
        37   3.75000000e-01   1.00000000e+00   1.00000000e+00   0.00000000e+00
        38   3.85000000e-01   1.00000000e+00   1.00000000e+00   0.00000000e+00
        39   3.95000000e-01   1.00000000e+00   1.00000000e+00   0.00000000e+00
        40   4.05000000e-01   1.00000000e+00   1.00000000e+00   0.00000000e+00
        41   4.15000000e-01   9.99999926e-01   9.99999898e-01   8.64389574e-08
        42   4.25000000e-01   9.99997319e-01   9.99996337e-01   3.11294997e-06
        43   4.35000000e-01   9.99955932e-01   9.99940426e-01   5.05886042e-05
        44   4.45000000e-01   9.99564731e-01   9.99422472e-01   4.89807972e-04
        45   4.55000000e-01   9.97108928e-01   9.96280223e-01   3.14672858e-03
        46   4.65000000e-01   9.86250668e-01   9.83103209e-01   1.42160119e-02
        47   4.75000000e-01   9.51023835e-01   9.43266583e-01   4.72532054e-02
        48   4.85000000e-01   8.64028028e-01   8.51912741e-01   1.20957414e-01
        49   4.95000000e-01   6.93711999e-01   6.80029174e-01   2.45131411e-01
        50   5.05000000e-01   4.25929248e-01   3.93825936e-01   5.83357492e-01
        51   5.15000000e-01   2.24733767e-01   2.10545969e-01   6.72266874e-01
        52   5.25000000e-01   1.46704553e-01   1.46369042e-01   4.24549521e-01
        53   5.35000000e-01   1.09771976e-01   1.10325288e-01   1.04235362e-01
        54   5.45000000e-01   1.01132088e-01   1.01037769e-01   1.17503375e-02
        55   5.55000000e-01   1.00082980e-01   1.00059359e-01   8.04693154e-04
        56   5.65000000e-01   1.00003910e-01   1.00002098e-01   3.54459185e-05
        57   5.75000000e-01   1.00000109e-01   1.00000042e-01   9.30696440e-07
        58   5.85000000e-01   1.00000001e-01   1.00000000e-01   1.10845386e-08
        59   5.95000000e-01   1.00000000e-01   1.00000000e-01   0.00000000e+00
        60   6.05000000e-01   1.00000000e-01   1.00000000e-01   0.00000000e+00
        61   6.15000000e-01   1.00000000e-01   1.00000000e-01   0.00000000e+00
        62   6.25000000e-01   1.00000000e-01   1.00000000e-01   0.00000000e+00
        63   6.35000000e-01   1.00000000e-01   1.00000000e-01   0.00000000e+00
        64   6.45000000e-01   1.00000000e-01   1.00000000e-01   0.00000000e+00
        65   6.55000000e-01   1.00000000e-01   1.00000000e-01   0.00000000e+00
        66   6.65000000e-01   1.00000000e-01   1.00000000e-01   0.00000000e+00
        67   6.75000000e-01   1.00000000e-01   1.00000000e-01   0.00000000e+00
        68   6.85000000e-01   1.00000000e-01   1.00000000e-01   0.00000000e+00
        69   6.95000000e-01   1.00000000e-01   1.00000000e-01   0.00000000e+00
        70   7.05000000e-01   1.00000000e-01   1.00000000e-01   0.00000000e+00
        71   7.15000000e-01   1.00000000e-01   1.00000000e-01   0.00000000e+00
        72   7.25000000e-01   1.00000000e-01   1.00000000e-01   0.00000000e+00
        73   7.35000000e-01   1.00000000e-01   1.00000000e-01   0.00000000e+00
        74   7.45000000e-01   1.00000000e-01   1.00000000e-01   0.00000000e+00
        75   7.55000000e-01   1.00000000e-01   1.00000000e-01   0.00000000e+00
        76   7.65000000e-01   1.00000000e-01   1.00000000e-01   0.00000000e+00
        77   7.75000000e-01   1.00000000e-01   1.00000000e-01   0.00000000e+00
        78   7.85000000e-01   1.00000000e-01   1.00000000e-01   0.00000000e+00
        79   7.95000000e-01   1.00000000e-01   1.00000000e-01   0.00000000e+00
        80   8.05000000e-01   1.00000000e-01   1.00000000e-01   0.00000000e+00
        81   8.15000000e-01   1.00000000e-01   1.00000000e-01   0.00000000e+00
        82   8.25000000e-01   1.00000000e-01   1.00000000e-01   0.00000000e+00
        83   8.35000000e-01   1.00000000e-01   1.00000000e-01   0.00000000e+00
        84   8.45000000e-01   1.00000000e-01   1.00000000e-01   0.00000000e+00
        85   8.55000000e-01   1.00000000e-01   1.00000000e-01   0.00000000e+00
        86   8.65000000e-01   1.00000000e-01   1.00000000e-01   0.00000000e+00
        87   8.75000000e-01   1.00000000e-01   1.00000000e-01   0.00000000e+00
        88   8.85000000e-01   1.00000000e-01   1.00000000e-01   0.00000000e+00
        89   8.95000000e-01   1.00000000e-01   1.00000000e-01   0.00000000e+00
        90   9.05000000e-01   1.00000000e-01   1.00000000e-01   0.00000000e+00
        91   9.15000000e-01   1.00000000e-01   1.00000000e-01   0.00000000e+00
        92   9.25000000e-01   9.99999935e-02   9.99999465e-02   2.67136739e-07
        93   9.35000000e-01   9.99999265e-02   9.99982476e-02   7.42863526e-06
        94   9.45000000e-01   1.00001370e-01   9.99751504e-02   8.47251784e-05
        95   9.55000000e-01   1.00033566e-01   9.97981096e-02   4.79307820e-04
        96   9.65000000e-01   1.00323928e-01   9.89864916e-02   1.73136238e-03
        97   9.75000000e-01   1.01834108e-01   9.66196861e-02   1.77031291e-03
        98   9.85000000e-01   1.07236033e-01   9.55554244e-02   8.06018887e-03
        99   9.95000000e-01   1.28279488e-01   9.42553473e-02  -2.69464239e-04
