#noutput  nstep     sim_time        sim_dt          
#        17       1808   1.80900000e-01   1.00000000e-04
#i        x1                          rho             prs             vx1
         0   1.25000000e-03   1.00000000e+00   1.00000000e+00   0.00000000e+00
         1   3.75000000e-03   1.00000000e+00   1.00000000e+00   0.00000000e+00
         2   6.25000000e-03   1.00000000e+00   1.00000000e+00   0.00000000e+00
         3   8.75000000e-03   1.00000000e+00   1.00000000e+00   0.00000000e+00
         4   1.12500000e-02   1.00000000e+00   1.00000000e+00   0.00000000e+00
         5   1.37500000e-02   1.00000000e+00   1.00000000e+00   0.00000000e+00
         6   1.62500000e-02   1.00000000e+00   1.00000000e+00   0.00000000e+00
         7   1.87500000e-02   1.00000000e+00   1.00000000e+00   0.00000000e+00
         8   2.12500000e-02   1.00000000e+00   1.00000000e+00   0.00000000e+00
         9   2.37500000e-02   1.00000000e+00   1.00000000e+00   0.00000000e+00
        10   2.62500000e-02   1.00000000e+00   1.00000000e+00   0.00000000e+00
        11   2.87500000e-02   1.00000000e+00   1.00000000e+00   0.00000000e+00
        12   3.12500000e-02   1.00000000e+00   1.00000000e+00   0.00000000e+00
        13   3.37500000e-02   1.00000000e+00   1.00000000e+00   0.00000000e+00
        14   3.62500000e-02   1.00000000e+00   1.00000000e+00   0.00000000e+00
        15   3.87500000e-02   1.00000000e+00   1.00000000e+00   0.00000000e+00
        16   4.12500000e-02   1.00000000e+00   1.00000000e+00   0.00000000e+00
        17   4.37500000e-02   1.00000000e+00   1.00000000e+00   0.00000000e+00
        18   4.62500000e-02   1.00000000e+00   1.00000000e+00   0.00000000e+00
        19   4.87500000e-02   1.00000000e+00   1.00000000e+00   0.00000000e+00
        20   5.12500000e-02   1.00000000e+00   1.00000000e+00   0.00000000e+00
        21   5.37500000e-02   1.00000000e+00   1.00000000e+00   0.00000000e+00
        22   5.62500000e-02   1.00000000e+00   1.00000000e+00   0.00000000e+00
        23   5.87500000e-02   1.00000000e+00   1.00000000e+00   0.00000000e+00
        24   6.12500000e-02   1.00000000e+00   1.00000000e+00   0.00000000e+00
        25   6.37500000e-02   1.00000000e+00   1.00000000e+00   0.00000000e+00
        26   6.62500000e-02   1.00000000e+00   1.00000000e+00   0.00000000e+00
        27   6.87500000e-02   1.00000000e+00   1.00000000e+00   0.00000000e+00
        28   7.12500000e-02   1.00000000e+00   1.00000000e+00   0.00000000e+00
        29   7.37500000e-02   1.00000000e+00   1.00000000e+00   0.00000000e+00
        30   7.62500000e-02   1.00000000e+00   1.00000000e+00   0.00000000e+00
        31   7.87500000e-02   1.00000000e+00   1.00000000e+00   0.00000000e+00
        32   8.12500000e-02   1.00000000e+00   1.00000000e+00   0.00000000e+00
        33   8.37500000e-02   1.00000000e+00   1.00000000e+00   0.00000000e+00
        34   8.62500000e-02   1.00000000e+00   1.00000000e+00   0.00000000e+00
        35   8.87500000e-02   1.00000000e+00   1.00000000e+00   0.00000000e+00
        36   9.12500000e-02   1.00000000e+00   1.00000000e+00   0.00000000e+00
        37   9.37500000e-02   1.00000000e+00   1.00000000e+00   0.00000000e+00
        38   9.62500000e-02   1.00000000e+00   1.00000000e+00   0.00000000e+00
        39   9.87500000e-02   1.00000000e+00   1.00000000e+00   0.00000000e+00
        40   1.01250000e-01   1.00000000e+00   1.00000000e+00   0.00000000e+00
        41   1.03750000e-01   1.00000000e+00   1.00000000e+00   0.00000000e+00
        42   1.06250000e-01   1.00000000e+00   1.00000000e+00   0.00000000e+00
        43   1.08750000e-01   1.00000000e+00   1.00000000e+00   0.00000000e+00
        44   1.11250000e-01   1.00000000e+00   1.00000000e+00   0.00000000e+00
        45   1.13750000e-01   1.00000000e+00   1.00000000e+00   0.00000000e+00
        46   1.16250000e-01   1.00000000e+00   1.00000000e+00   0.00000000e+00
        47   1.18750000e-01   1.00000000e+00   1.00000000e+00   0.00000000e+00
        48   1.21250000e-01   1.00000000e+00   1.00000000e+00   0.00000000e+00
        49   1.23750000e-01   1.00000000e+00   1.00000000e+00   0.00000000e+00
        50   1.26250000e-01   1.00000000e+00   1.00000000e+00   0.00000000e+00
        51   1.28750000e-01   1.00000000e+00   1.00000000e+00   0.00000000e+00
        52   1.31250000e-01   1.00000000e+00   1.00000000e+00   0.00000000e+00
        53   1.33750000e-01   1.00000000e+00   1.00000000e+00   0.00000000e+00
        54   1.36250000e-01   1.00000000e+00   1.00000000e+00   0.00000000e+00
        55   1.38750000e-01   1.00000000e+00   1.00000000e+00   0.00000000e+00
        56   1.41250000e-01   1.00000000e+00   1.00000000e+00   0.00000000e+00
        57   1.43750000e-01   1.00000000e+00   1.00000000e+00   0.00000000e+00
        58   1.46250000e-01   1.00000000e+00   1.00000000e+00   0.00000000e+00
        59   1.48750000e-01   1.00000000e+00   1.00000000e+00   0.00000000e+00
        60   1.51250000e-01   1.00000000e+00   1.00000000e+00   0.00000000e+00
        61   1.53750000e-01   1.00000000e+00   1.00000000e+00   0.00000000e+00
        62   1.56250000e-01   1.00000000e+00   1.00000000e+00   0.00000000e+00
        63   1.58750000e-01   1.00000000e+00   1.00000000e+00   0.00000000e+00
        64   1.61250000e-01   1.00000000e+00   1.00000000e+00   0.00000000e+00
        65   1.63750000e-01   1.00000000e+00   1.00000000e+00   0.00000000e+00
        66   1.66250000e-01   1.00000000e+00   1.00000000e+00   0.00000000e+00
        67   1.68750000e-01   1.00000000e+00   1.00000000e+00   0.00000000e+00
        68   1.71250000e-01   1.00000000e+00   1.00000000e+00   0.00000000e+00
        69   1.73750000e-01   1.00000000e+00   1.00000000e+00   0.00000000e+00
        70   1.76250000e-01   1.00000000e+00   1.00000000e+00   0.00000000e+00
        71   1.78750000e-01   1.00000000e+00   1.00000000e+00   0.00000000e+00
        72   1.81250000e-01   1.00000000e+00   1.00000000e+00   0.00000000e+00
        73   1.83750000e-01   1.00000000e+00   1.00000000e+00   0.00000000e+00
        74   1.86250000e-01   1.00000000e+00   1.00000000e+00   0.00000000e+00
        75   1.88750000e-01   1.00000000e+00   1.00000000e+00   0.00000000e+00
        76   1.91250000e-01   1.00000000e+00   1.00000000e+00   0.00000000e+00
        77   1.93750000e-01   1.00000000e+00   1.00000000e+00   0.00000000e+00
        78   1.96250000e-01   1.00000000e+00   1.00000000e+00   0.00000000e+00
        79   1.98750000e-01   1.00000000e+00   1.00000000e+00   0.00000000e+00
        80   2.01250000e-01   1.00000000e+00   1.00000000e+00   0.00000000e+00
        81   2.03750000e-01   1.00000000e+00   1.00000000e+00   0.00000000e+00
        82   2.06250000e-01   1.00000000e+00   1.00000000e+00   0.00000000e+00
        83   2.08750000e-01   1.00000000e+00   1.00000000e+00   0.00000000e+00
        84   2.11250000e-01   1.00000000e+00   1.00000000e+00   0.00000000e+00
        85   2.13750000e-01   1.00000000e+00   1.00000000e+00   0.00000000e+00
        86   2.16250000e-01   1.00000000e+00   1.00000000e+00   0.00000000e+00
        87   2.18750000e-01   1.00000000e+00   1.00000000e+00   0.00000000e+00
        88   2.21250000e-01   1.00000000e+00   1.00000000e+00   0.00000000e+00
        89   2.23750000e-01   1.00000000e+00   1.00000000e+00   0.00000000e+00
        90   2.26250000e-01   1.00000000e+00   1.00000000e+00   0.00000000e+00
        91   2.28750000e-01   1.00000000e+00   1.00000000e+00   0.00000000e+00
        92   2.31250000e-01   1.00000000e+00   1.00000000e+00   0.00000000e+00
        93   2.33750000e-01   1.00000000e+00   1.00000000e+00   0.00000000e+00
        94   2.36250000e-01   1.00000000e+00   1.00000000e+00   0.00000000e+00
        95   2.38750000e-01   1.00000000e+00   1.00000000e+00   0.00000000e+00
        96   2.41250000e-01   1.00000000e+00   1.00000000e+00   0.00000000e+00
        97   2.43750000e-01   1.00000000e+00   1.00000000e+00   0.00000000e+00
        98   2.46250000e-01   1.00000000e+00   1.00000000e+00   0.00000000e+00
        99   2.48750000e-01   1.00000000e+00   1.00000000e+00   0.00000000e+00
       100   2.51250000e-01   1.00000000e+00   1.00000000e+00   0.00000000e+00
       101   2.53750000e-01   1.00000000e+00   1.00000000e+00   0.00000000e+00
       102   2.56250000e-01   1.00000000e+00   1.00000000e+00   0.00000000e+00
       103   2.58750000e-01   1.00000000e+00   1.00000000e+00   0.00000000e+00
       104   2.61250000e-01   1.00000000e+00   1.00000000e+00   0.00000000e+00
       105   2.63750000e-01   1.00000000e+00   1.00000000e+00   0.00000000e+00
       106   2.66250000e-01   1.00000000e+00   1.00000000e+00   0.00000000e+00
       107   2.68750000e-01   1.00000000e+00   1.00000000e+00   0.00000000e+00
       108   2.71250000e-01   1.00000000e+00   1.00000000e+00   0.00000000e+00
       109   2.73750000e-01   1.00000000e+00   1.00000000e+00   0.00000000e+00
       110   2.76250000e-01   1.00000000e+00   1.00000000e+00   0.00000000e+00
       111   2.78750000e-01   1.00000000e+00   1.00000000e+00   0.00000000e+00
       112   2.81250000e-01   1.00000000e+00   1.00000000e+00   0.00000000e+00
       113   2.83750000e-01   1.00000000e+00   1.00000000e+00   0.00000000e+00
       114   2.86250000e-01   1.00000000e+00   1.00000000e+00   0.00000000e+00
       115   2.88750000e-01   1.00000000e+00   1.00000000e+00   0.00000000e+00
       116   2.91250000e-01   1.00000000e+00   1.00000000e+00   0.00000000e+00
       117   2.93750000e-01   1.00000000e+00   1.00000000e+00   0.00000000e+00
       118   2.96250000e-01   1.00000000e+00   1.00000000e+00   0.00000000e+00
       119   2.98750000e-01   1.00000000e+00   1.00000000e+00   0.00000000e+00
       120   3.01250000e-01   1.00000000e+00   1.00000000e+00   0.00000000e+00
       121   3.03750000e-01   1.00000000e+00   1.00000000e+00   0.00000000e+00
       122   3.06250000e-01   1.00000000e+00   1.00000000e+00   0.00000000e+00
       123   3.08750000e-01   1.00000000e+00   1.00000000e+00   0.00000000e+00
       124   3.11250000e-01   1.00000000e+00   1.00000000e+00   0.00000000e+00
       125   3.13750000e-01   1.00000000e+00   1.00000000e+00   0.00000000e+00
       126   3.16250000e-01   1.00000000e+00   1.00000000e+00   0.00000000e+00
       127   3.18750000e-01   1.00000000e+00   1.00000000e+00   0.00000000e+00
       128   3.21250000e-01   1.00000000e+00   1.00000000e+00   0.00000000e+00
       129   3.23750000e-01   1.00000000e+00   1.00000000e+00   0.00000000e+00
       130   3.26250000e-01   1.00000000e+00   1.00000000e+00   0.00000000e+00
       131   3.28750000e-01   1.00000000e+00   1.00000000e+00   0.00000000e+00
       132   3.31250000e-01   1.00000000e+00   1.00000000e+00   0.00000000e+00
       133   3.33750000e-01   1.00000000e+00   1.00000000e+00   0.00000000e+00
       134   3.36250000e-01   1.00000000e+00   1.00000000e+00   0.00000000e+00
       135   3.38750000e-01   1.00000000e+00   1.00000000e+00   0.00000000e+00
       136   3.41250000e-01   1.00000000e+00   1.00000000e+00   0.00000000e+00
       137   3.43750000e-01   1.00000000e+00   1.00000000e+00   0.00000000e+00
       138   3.46250000e-01   1.00000000e+00   1.00000000e+00   0.00000000e+00
       139   3.48750000e-01   1.00000000e+00   1.00000000e+00   0.00000000e+00
       140   3.51250000e-01   1.00000000e+00   1.00000000e+00   0.00000000e+00
       141   3.53750000e-01   1.00000000e+00   1.00000000e+00   0.00000000e+00
       142   3.56250000e-01   1.00000000e+00   1.00000000e+00   0.00000000e+00
       143   3.58750000e-01   1.00000000e+00   1.00000000e+00   0.00000000e+00
       144   3.61250000e-01   1.00000000e+00   1.00000000e+00   0.00000000e+00
       145   3.63750000e-01   1.00000000e+00   1.00000000e+00   0.00000000e+00
       146   3.66250000e-01   1.00000000e+00   1.00000000e+00   0.00000000e+00
       147   3.68750000e-01   1.00000000e+00   1.00000000e+00   0.00000000e+00
       148   3.71250000e-01   1.00000000e+00   1.00000000e+00   0.00000000e+00
       149   3.73750000e-01   1.00000000e+00   1.00000000e+00   0.00000000e+00
       150   3.76250000e-01   1.00000000e+00   1.00000000e+00   0.00000000e+00
       151   3.78750000e-01   1.00000000e+00   1.00000000e+00   0.00000000e+00
       152   3.81250000e-01   1.00000000e+00   1.00000000e+00   0.00000000e+00
       153   3.83750000e-01   1.00000000e+00   1.00000000e+00   0.00000000e+00
       154   3.86250000e-01   1.00000000e+00   1.00000000e+00   0.00000000e+00
       155   3.88750000e-01   1.00000000e+00   1.00000000e+00   0.00000000e+00
       156   3.91250000e-01   1.00000000e+00   1.00000000e+00   0.00000000e+00
       157   3.93750000e-01   1.00000000e+00   1.00000000e+00   0.00000000e+00
       158   3.96250000e-01   1.00000000e+00   1.00000000e+00   0.00000000e+00
       159   3.98750000e-01   1.00000000e+00   1.00000000e+00   0.00000000e+00
       160   4.01250000e-01   1.00000000e+00   1.00000000e+00   0.00000000e+00
       161   4.03750000e-01   1.00000000e+00   1.00000000e+00   0.00000000e+00
       162   4.06250000e-01   1.00000000e+00   1.00000000e+00   0.00000000e+00
       163   4.08750000e-01   1.00000000e+00   1.00000000e+00   0.00000000e+00
       164   4.11250000e-01   1.00000000e+00   1.00000000e+00   0.00000000e+00
       165   4.13750000e-01   1.00000000e+00   1.00000000e+00   0.00000000e+00
       166   4.16250000e-01   1.00000000e+00   1.00000000e+00   0.00000000e+00
       167   4.18750000e-01   1.00000000e+00   1.00000000e+00   0.00000000e+00
       168   4.21250000e-01   1.00000000e+00   1.00000000e+00   0.00000000e+00
       169   4.23750000e-01   1.00000000e+00   1.00000000e+00   0.00000000e+00
       170   4.26250000e-01   1.00000000e+00   1.00000000e+00   0.00000000e+00
       171   4.28750000e-01   1.00000000e+00   1.00000000e+00   0.00000000e+00
       172   4.31250000e-01   1.00000000e+00   1.00000000e+00   0.00000000e+00
       173   4.33750000e-01   1.00000000e+00   1.00000000e+00   0.00000000e+00
       174   4.36250000e-01   1.00000000e+00   1.00000000e+00   0.00000000e+00
       175   4.38750000e-01   1.00000000e+00   1.00000000e+00   0.00000000e+00
       176   4.41250000e-01   1.00000000e+00   1.00000000e+00   0.00000000e+00
       177   4.43750000e-01   1.00000000e+00   1.00000000e+00   0.00000000e+00
       178   4.46250000e-01   1.00000000e+00   1.00000000e+00   0.00000000e+00
       179   4.48750000e-01   1.00000000e+00   1.00000000e+00   0.00000000e+00
       180   4.51250000e-01   1.00000000e+00   1.00000000e+00   0.00000000e+00
       181   4.53750000e-01   1.00000000e+00   1.00000000e+00   0.00000000e+00
       182   4.56250000e-01   1.00000000e+00   1.00000000e+00   0.00000000e+00
       183   4.58750000e-01   1.00000000e+00   1.00000000e+00   0.00000000e+00
       184   4.61250000e-01   1.00000000e+00   1.00000000e+00   0.00000000e+00
       185   4.63750000e-01   1.00000000e+00   1.00000000e+00   0.00000000e+00
       186   4.66250000e-01   1.00000000e+00   1.00000000e+00   0.00000000e+00
       187   4.68750000e-01   1.00000000e+00   1.00000000e+00   0.00000000e+00
       188   4.71250000e-01   1.00000000e+00   1.00000000e+00   0.00000000e+00
       189   4.73750000e-01   1.00000000e+00   1.00000000e+00   0.00000000e+00
       190   4.76250000e-01   1.00000000e+00   1.00000000e+00   0.00000000e+00
       191   4.78750000e-01   1.00000000e+00   1.00000000e+00   0.00000000e+00
       192   4.81250000e-01   1.00000000e+00   1.00000000e+00   0.00000000e+00
       193   4.83750000e-01   1.00000000e+00   1.00000000e+00   0.00000000e+00
       194   4.86250000e-01   1.00000000e+00   1.00000000e+00   0.00000000e+00
       195   4.88750000e-01   1.00000000e+00   1.00000000e+00   0.00000000e+00
       196   4.91250000e-01   1.00000000e+00   1.00000000e+00   0.00000000e+00
       197   4.93750000e-01   1.00000000e+00   1.00000000e+00   0.00000000e+00
       198   4.96250000e-01   1.00000000e+00   1.00000000e+00   0.00000000e+00
       199   4.98750000e-01   1.00000000e+00   1.00000000e+00   0.00000000e+00
       200   5.01250000e-01   1.00000000e-01   1.00000000e-01   0.00000000e+00
       201   5.03750000e-01   1.00000000e-01   1.00000000e-01   0.00000000e+00
       202   5.06250000e-01   1.00000000e-01   1.00000000e-01   0.00000000e+00
       203   5.08750000e-01   1.00000000e-01   1.00000000e-01   0.00000000e+00
       204   5.11250000e-01   1.00000000e-01   1.00000000e-01   0.00000000e+00
       205   5.13750000e-01   1.00000000e-01   1.00000000e-01   0.00000000e+00
       206   5.16250000e-01   1.00000000e-01   1.00000000e-01   0.00000000e+00
       207   5.18750000e-01   1.00000000e-01   1.00000000e-01   0.00000000e+00
       208   5.21250000e-01   1.00000000e-01   1.00000000e-01   0.00000000e+00
       209   5.23750000e-01   1.00000000e-01   1.00000000e-01   0.00000000e+00
       210   5.26250000e-01   1.00000000e-01   1.00000000e-01   0.00000000e+00
       211   5.28750000e-01   1.00000000e-01   1.00000000e-01   0.00000000e+00
       212   5.31250000e-01   1.00000000e-01   1.00000000e-01   0.00000000e+00
       213   5.33750000e-01   1.00000000e-01   1.00000000e-01   0.00000000e+00
       214   5.36250000e-01   1.00000000e-01   1.00000000e-01   0.00000000e+00
       215   5.38750000e-01   1.00000000e-01   1.00000000e-01   0.00000000e+00
       216   5.41250000e-01   1.00000000e-01   1.00000000e-01   0.00000000e+00
       217   5.43750000e-01   1.00000000e-01   1.00000000e-01   0.00000000e+00
       218   5.46250000e-01   1.00000000e-01   1.00000000e-01   0.00000000e+00
       219   5.48750000e-01   1.00000000e-01   1.00000000e-01   0.00000000e+00
       220   5.51250000e-01   1.00000000e-01   1.00000000e-01   0.00000000e+00
       221   5.53750000e-01   1.00000000e-01   1.00000000e-01   0.00000000e+00
       222   5.56250000e-01   1.00000000e-01   1.00000000e-01   0.00000000e+00
       223   5.58750000e-01   1.00000000e-01   1.00000000e-01   0.00000000e+00
       224   5.61250000e-01   1.00000000e-01   1.00000000e-01   0.00000000e+00
       225   5.63750000e-01   1.00000000e-01   1.00000000e-01   0.00000000e+00
       226   5.66250000e-01   1.00000000e-01   1.00000000e-01   0.00000000e+00
       227   5.68750000e-01   1.00000000e-01   1.00000000e-01   0.00000000e+00
       228   5.71250000e-01   1.00000000e-01   1.00000000e-01   0.00000000e+00
       229   5.73750000e-01   1.00000000e-01   1.00000000e-01   0.00000000e+00
       230   5.76250000e-01   1.00000000e-01   1.00000000e-01   0.00000000e+00
       231   5.78750000e-01   1.00000000e-01   1.00000000e-01   0.00000000e+00
       232   5.81250000e-01   1.00000000e-01   1.00000000e-01   0.00000000e+00
       233   5.83750000e-01   1.00000000e-01   1.00000000e-01   0.00000000e+00
       234   5.86250000e-01   1.00000000e-01   1.00000000e-01   0.00000000e+00
       235   5.88750000e-01   1.00000000e-01   1.00000000e-01   0.00000000e+00
       236   5.91250000e-01   1.00000000e-01   1.00000000e-01   0.00000000e+00
       237   5.93750000e-01   1.00000000e-01   1.00000000e-01   0.00000000e+00
       238   5.96250000e-01   1.00000000e-01   1.00000000e-01   0.00000000e+00
       239   5.98750000e-01   1.00000000e-01   1.00000000e-01   0.00000000e+00
       240   6.01250000e-01   1.00000000e-01   1.00000000e-01   0.00000000e+00
       241   6.03750000e-01   1.00000000e-01   1.00000000e-01   0.00000000e+00
       242   6.06250000e-01   1.00000000e-01   1.00000000e-01   0.00000000e+00
       243   6.08750000e-01   1.00000000e-01   1.00000000e-01   0.00000000e+00
       244   6.11250000e-01   1.00000000e-01   1.00000000e-01   0.00000000e+00
       245   6.13750000e-01   1.00000000e-01   1.00000000e-01   0.00000000e+00
       246   6.16250000e-01   1.00000000e-01   1.00000000e-01   0.00000000e+00
       247   6.18750000e-01   1.00000000e-01   1.00000000e-01   0.00000000e+00
       248   6.21250000e-01   1.00000000e-01   1.00000000e-01   0.00000000e+00
       249   6.23750000e-01   1.00000000e-01   1.00000000e-01   0.00000000e+00
       250   6.26250000e-01   1.00000000e-01   1.00000000e-01   0.00000000e+00
       251   6.28750000e-01   1.00000000e-01   1.00000000e-01   0.00000000e+00
       252   6.31250000e-01   1.00000000e-01   1.00000000e-01   0.00000000e+00
       253   6.33750000e-01   1.00000000e-01   1.00000000e-01   0.00000000e+00
       254   6.36250000e-01   1.00000000e-01   1.00000000e-01   0.00000000e+00
       255   6.38750000e-01   1.00000000e-01   1.00000000e-01   0.00000000e+00
       256   6.41250000e-01   1.00000000e-01   1.00000000e-01   0.00000000e+00
       257   6.43750000e-01   1.00000000e-01   1.00000000e-01   0.00000000e+00
       258   6.46250000e-01   1.00000000e-01   1.00000000e-01   0.00000000e+00
       259   6.48750000e-01   1.00000000e-01   1.00000000e-01   0.00000000e+00
       260   6.51250000e-01   1.00000000e-01   1.00000000e-01   0.00000000e+00
       261   6.53750000e-01   1.00000000e-01   1.00000000e-01   0.00000000e+00
       262   6.56250000e-01   1.00000000e-01   1.00000000e-01   0.00000000e+00
       263   6.58750000e-01   1.00000000e-01   1.00000000e-01   0.00000000e+00
       264   6.61250000e-01   1.00000000e-01   1.00000000e-01   0.00000000e+00
       265   6.63750000e-01   1.00000000e-01   1.00000000e-01   0.00000000e+00
       266   6.66250000e-01   1.00000000e-01   1.00000000e-01   0.00000000e+00
       267   6.68750000e-01   1.00000000e-01   1.00000000e-01   0.00000000e+00
       268   6.71250000e-01   1.00000000e-01   1.00000000e-01   0.00000000e+00
       269   6.73750000e-01   1.00000000e-01   1.00000000e-01   0.00000000e+00
       270   6.76250000e-01   1.00000000e-01   1.00000000e-01   0.00000000e+00
       271   6.78750000e-01   1.00000000e-01   1.00000000e-01   0.00000000e+00
       272   6.81250000e-01   1.00000000e-01   1.00000000e-01   0.00000000e+00
       273   6.83750000e-01   1.00000000e-01   1.00000000e-01   0.00000000e+00
       274   6.86250000e-01   1.00000000e-01   1.00000000e-01   0.00000000e+00
       275   6.88750000e-01   1.00000000e-01   1.00000000e-01   0.00000000e+00
       276   6.91250000e-01   1.00000000e-01   1.00000000e-01   0.00000000e+00
       277   6.93750000e-01   1.00000000e-01   1.00000000e-01   0.00000000e+00
       278   6.96250000e-01   1.00000000e-01   1.00000000e-01   0.00000000e+00
       279   6.98750000e-01   1.00000000e-01   1.00000000e-01   0.00000000e+00
       280   7.01250000e-01   1.00000000e-01   1.00000000e-01   0.00000000e+00
       281   7.03750000e-01   1.00000000e-01   1.00000000e-01   0.00000000e+00
       282   7.06250000e-01   1.00000000e-01   1.00000000e-01   0.00000000e+00
       283   7.08750000e-01   1.00000000e-01   1.00000000e-01   0.00000000e+00
       284   7.11250000e-01   1.00000000e-01   1.00000000e-01   0.00000000e+00
       285   7.13750000e-01   1.00000000e-01   1.00000000e-01   0.00000000e+00
       286   7.16250000e-01   1.00000000e-01   1.00000000e-01   0.00000000e+00
       287   7.18750000e-01   1.00000000e-01   1.00000000e-01   0.00000000e+00
       288   7.21250000e-01   1.00000000e-01   1.00000000e-01   0.00000000e+00
       289   7.23750000e-01   1.00000000e-01   1.00000000e-01   0.00000000e+00
       290   7.26250000e-01   1.00000000e-01   1.00000000e-01   0.00000000e+00
       291   7.28750000e-01   1.00000000e-01   1.00000000e-01   0.00000000e+00
       292   7.31250000e-01   1.00000000e-01   1.00000000e-01   0.00000000e+00
       293   7.33750000e-01   1.00000000e-01   1.00000000e-01   0.00000000e+00
       294   7.36250000e-01   1.00000000e-01   1.00000000e-01   0.00000000e+00
       295   7.38750000e-01   1.00000000e-01   1.00000000e-01   0.00000000e+00
       296   7.41250000e-01   1.00000000e-01   1.00000000e-01   0.00000000e+00
       297   7.43750000e-01   1.00000000e-01   1.00000000e-01   0.00000000e+00
       298   7.46250000e-01   1.00000000e-01   1.00000000e-01   0.00000000e+00
       299   7.48750000e-01   1.00000000e-01   1.00000000e-01   0.00000000e+00
       300   7.51250000e-01   1.00000000e-01   1.00000000e-01   0.00000000e+00
       301   7.53750000e-01   1.00000000e-01   1.00000000e-01   0.00000000e+00
       302   7.56250000e-01   1.00000000e-01   1.00000000e-01   0.00000000e+00
       303   7.58750000e-01   1.00000000e-01   1.00000000e-01   0.00000000e+00
       304   7.61250000e-01   1.00000000e-01   1.00000000e-01   0.00000000e+00
       305   7.63750000e-01   1.00000000e-01   1.00000000e-01   0.00000000e+00
       306   7.66250000e-01   1.00000000e-01   1.00000000e-01   0.00000000e+00
       307   7.68750000e-01   1.00000000e-01   1.00000000e-01   0.00000000e+00
       308   7.71250000e-01   1.00000000e-01   1.00000000e-01   0.00000000e+00
       309   7.73750000e-01   1.00000000e-01   1.00000000e-01   0.00000000e+00
       310   7.76250000e-01   1.00000000e-01   1.00000000e-01   0.00000000e+00
       311   7.78750000e-01   1.00000000e-01   1.00000000e-01   0.00000000e+00
       312   7.81250000e-01   1.00000000e-01   1.00000000e-01   0.00000000e+00
       313   7.83750000e-01   1.00000000e-01   1.00000000e-01   0.00000000e+00
       314   7.86250000e-01   1.00000000e-01   1.00000000e-01   0.00000000e+00
       315   7.88750000e-01   1.00000000e-01   1.00000000e-01   0.00000000e+00
       316   7.91250000e-01   1.00000000e-01   1.00000000e-01   0.00000000e+00
       317   7.93750000e-01   1.00000000e-01   1.00000000e-01   0.00000000e+00
       318   7.96250000e-01   1.00000000e-01   1.00000000e-01   0.00000000e+00
       319   7.98750000e-01   1.00000000e-01   1.00000000e-01   0.00000000e+00
       320   8.01250000e-01   1.00000000e-01   1.00000000e-01   0.00000000e+00
       321   8.03750000e-01   1.00000000e-01   1.00000000e-01   0.00000000e+00
       322   8.06250000e-01   1.00000000e-01   1.00000000e-01   0.00000000e+00
       323   8.08750000e-01   1.00000000e-01   1.00000000e-01   0.00000000e+00
       324   8.11250000e-01   1.00000000e-01   1.00000000e-01   0.00000000e+00
       325   8.13750000e-01   1.00000000e-01   1.00000000e-01   0.00000000e+00
       326   8.16250000e-01   1.00000000e-01   1.00000000e-01   0.00000000e+00
       327   8.18750000e-01   1.00000000e-01   1.00000000e-01   0.00000000e+00
       328   8.21250000e-01   1.00000000e-01   1.00000000e-01   0.00000000e+00
       329   8.23750000e-01   1.00000000e-01   1.00000000e-01   0.00000000e+00
       330   8.26250000e-01   1.00000000e-01   1.00000000e-01   0.00000000e+00
       331   8.28750000e-01   1.00000000e-01   1.00000000e-01   0.00000000e+00
       332   8.31250000e-01   1.00000000e-01   1.00000000e-01   0.00000000e+00
       333   8.33750000e-01   1.00000000e-01   1.00000000e-01   0.00000000e+00
       334   8.36250000e-01   1.00000000e-01   1.00000000e-01   0.00000000e+00
       335   8.38750000e-01   1.00000000e-01   1.00000000e-01   0.00000000e+00
       336   8.41250000e-01   1.00000000e-01   1.00000000e-01   0.00000000e+00
       337   8.43750000e-01   1.00000000e-01   1.00000000e-01   0.00000000e+00
       338   8.46250000e-01   1.00000000e-01   1.00000000e-01   0.00000000e+00
       339   8.48750000e-01   1.00000000e-01   1.00000000e-01   0.00000000e+00
       340   8.51250000e-01   1.00000000e-01   1.00000000e-01   0.00000000e+00
       341   8.53750000e-01   1.00000000e-01   1.00000000e-01   0.00000000e+00
       342   8.56250000e-01   1.00000000e-01   1.00000000e-01   0.00000000e+00
       343   8.58750000e-01   1.00000000e-01   1.00000000e-01   0.00000000e+00
       344   8.61250000e-01   1.00000000e-01   1.00000000e-01   0.00000000e+00
       345   8.63750000e-01   1.00000000e-01   1.00000000e-01   0.00000000e+00
       346   8.66250000e-01   1.00000000e-01   1.00000000e-01   0.00000000e+00
       347   8.68750000e-01   1.00000000e-01   1.00000000e-01   0.00000000e+00
       348   8.71250000e-01   1.00000000e-01   1.00000000e-01   0.00000000e+00
       349   8.73750000e-01   1.00000000e-01   1.00000000e-01   0.00000000e+00
       350   8.76250000e-01   1.00000000e-01   1.00000000e-01   0.00000000e+00
       351   8.78750000e-01   1.00000000e-01   1.00000000e-01   0.00000000e+00
       352   8.81250000e-01   1.00000000e-01   1.00000000e-01   0.00000000e+00
       353   8.83750000e-01   1.00000000e-01   1.00000000e-01   0.00000000e+00
       354   8.86250000e-01   1.00000000e-01   1.00000000e-01   0.00000000e+00
       355   8.88750000e-01   1.00000000e-01   1.00000000e-01   0.00000000e+00
       356   8.91250000e-01   1.00000000e-01   1.00000000e-01   0.00000000e+00
       357   8.93750000e-01   1.00000000e-01   1.00000000e-01   0.00000000e+00
       358   8.96250000e-01   1.00000000e-01   1.00000000e-01   0.00000000e+00
       359   8.98750000e-01   1.00000000e-01   1.00000000e-01   0.00000000e+00
       360   9.01250000e-01   1.00000000e-01   1.00000000e-01   0.00000000e+00
       361   9.03750000e-01   1.00000000e-01   1.00000000e-01   0.00000000e+00
       362   9.06250000e-01   1.00000000e-01   1.00000000e-01   0.00000000e+00
       363   9.08750000e-01   1.00000000e-01   1.00000000e-01   0.00000000e+00
       364   9.11250000e-01   1.00000000e-01   1.00000000e-01   0.00000000e+00
       365   9.13750000e-01   1.00000000e-01   1.00000000e-01   0.00000000e+00
       366   9.16250000e-01   1.00000000e-01   1.00000000e-01   0.00000000e+00
       367   9.18750000e-01   1.00000000e-01   1.00000000e-01   0.00000000e+00
       368   9.21250000e-01   1.00000000e-01   1.00000000e-01   0.00000000e+00
       369   9.23750000e-01   1.00000000e-01   1.00000000e-01   0.00000000e+00
       370   9.26250000e-01   1.00000000e-01   1.00000000e-01   0.00000000e+00
       371   9.28750000e-01   1.00000000e-01   1.00000000e-01   0.00000000e+00
       372   9.31250000e-01   1.00000000e-01   1.00000000e-01   0.00000000e+00
       373   9.33750000e-01   1.00000000e-01   1.00000000e-01   0.00000000e+00
       374   9.36250000e-01   1.00000000e-01   1.00000000e-01   0.00000000e+00
       375   9.38750000e-01   1.00000000e-01   1.00000000e-01   0.00000000e+00
       376   9.41250000e-01   1.00000000e-01   1.00000000e-01   0.00000000e+00
       377   9.43750000e-01   1.00000000e-01   1.00000000e-01   0.00000000e+00
       378   9.46250000e-01   1.00000000e-01   1.00000000e-01   0.00000000e+00
       379   9.48750000e-01   1.00000000e-01   1.00000000e-01   0.00000000e+00
       380   9.51250000e-01   1.00000000e-01   1.00000000e-01   0.00000000e+00
       381   9.53750000e-01   1.00000000e-01   1.00000000e-01   0.00000000e+00
       382   9.56250000e-01   1.00000000e-01   1.00000000e-01   0.00000000e+00
       383   9.58750000e-01   1.00000000e-01   1.00000000e-01   0.00000000e+00
       384   9.61250000e-01   1.00000000e-01   1.00000000e-01   0.00000000e+00
       385   9.63750000e-01   1.00000000e-01   1.00000000e-01   0.00000000e+00
       386   9.66250000e-01   1.00000000e-01   1.00000000e-01   0.00000000e+00
       387   9.68750000e-01   1.00000000e-01   1.00000000e-01   0.00000000e+00
       388   9.71250000e-01   1.00000000e-01   1.00000000e-01   0.00000000e+00
       389   9.73750000e-01   1.00000000e-01   1.00000000e-01   0.00000000e+00
       390   9.76250000e-01   1.00000000e-01   1.00000000e-01   0.00000000e+00
       391   9.78750000e-01   1.00000000e-01   1.00000000e-01   0.00000000e+00
       392   9.81250000e-01   1.00000000e-01   1.00000000e-01   0.00000000e+00
       393   9.83750000e-01   1.00000000e-01   1.00000000e-01   0.00000000e+00
       394   9.86250000e-01   1.00000000e-01   1.00000000e-01   0.00000000e+00
       395   9.88750000e-01   1.00000000e-01   1.00000000e-01   0.00000000e+00
       396   9.91250000e-01   1.00000000e-01   1.00000000e-01   0.00000000e+00
       397   9.93750000e-01   1.00000000e-01   1.00000000e-01   0.00000000e+00
       398   9.96250000e-01   1.00000000e-01   1.00000000e-01   0.00000000e+00
       399   9.98750000e-01   1.00000000e-01   1.00000000e-01   0.00000000e+00
