#noutput  nstep     sim_time        sim_dt          
#         4         49   5.00000000e-02   1.00000000e-03
#i        x1                          rho             prs             vx1
         0   5.00000000e-03   1.00000000e+00   1.00000000e+00   0.00000000e+00
         1   1.50000000e-02   1.00000000e+00   1.00000000e+00   0.00000000e+00
         2   2.50000000e-02   1.00000000e+00   1.00000000e+00   0.00000000e+00
         3   3.50000000e-02   1.00000000e+00   1.00000000e+00   0.00000000e+00
         4   4.50000000e-02   1.00000000e+00   1.00000000e+00   0.00000000e+00
         5   5.50000000e-02   1.00000000e+00   1.00000000e+00   0.00000000e+00
         6   6.50000000e-02   1.00000000e+00   1.00000000e+00   0.00000000e+00
         7   7.50000000e-02   1.00000000e+00   1.00000000e+00   0.00000000e+00
         8   8.50000000e-02   1.00000000e+00   1.00000000e+00   0.00000000e+00
         9   9.50000000e-02   1.00000000e+00   1.00000000e+00   0.00000000e+00
        10   1.05000000e-01   1.00000000e+00   1.00000000e+00   0.00000000e+00
        11   1.15000000e-01   1.00000000e+00   1.00000000e+00   0.00000000e+00
        12   1.25000000e-01   1.00000000e+00   1.00000000e+00   0.00000000e+00
        13   1.35000000e-01   1.00000000e+00   1.00000000e+00   0.00000000e+00
        14   1.45000000e-01   1.00000000e+00   1.00000000e+00   0.00000000e+00
        15   1.55000000e-01   1.00000000e+00   1.00000000e+00   2.22044605e-16
        16   1.65000000e-01   1.00000000e+00   1.00000000e+00   1.86517468e-15
        17   1.75000000e-01   1.00000000e+00   1.00000000e+00   1.63313807e-14
        18   1.85000000e-01   1.00000000e+00   1.00000000e+00   1.28397293e-13
        19   1.95000000e-01   1.00000000e+00   1.00000000e+00   9.30733268e-13
        20   2.05000000e-01   1.00000000e+00   1.00000000e+00   6.21801499e-12
        21   2.15000000e-01   1.00000000e+00   1.00000000e+00   3.83572507e-11
        22   2.25000000e-01   1.00000000e+00   1.00000000e+00   2.18869223e-10
        23   2.35000000e-01   9.99999999e-01   9.99999999e-01   1.15700871e-09
        24   2.45000000e-01   9.99999995e-01   9.99999993e-01   5.67376398e-09
        25   2.55000000e-01   9.99999978e-01   9.99999970e-01   2.58385158e-08
        26   2.65000000e-01   9.99999907e-01   9.99999872e-01   1.09376820e-07
        27   2.75000000e-01   9.99999635e-01   9.99999494e-01   4.30698246e-07
        28   2.85000000e-01   9.99998665e-01   9.99998138e-01   1.57861389e-06
        29   2.95000000e-01   9.99995455e-01   9.99993626e-01   5.38817848e-06
        30   3.05000000e-01   9.99985583e-01   9.99979667e-01   1.71328843e-05
        31   3.15000000e-01   9.99957375e-01   9.99939559e-01   5.07646636e-05
        32   3.25000000e-01   9.99882521e-01   9.99832535e-01   1.40194486e-04
        33   3.35000000e-01   9.99698064e-01   9.99567445e-01   3.60939940e-04
        34   3.45000000e-01   9.99276029e-01   9.98958184e-01   8.66583027e-04
        35   3.55000000e-01   9.98379409e-01   9.97659261e-01   1.94130903e-03
        36   3.65000000e-01   9.96609695e-01   9.95090303e-01   4.06172113e-03
        37   3.75000000e-01   9.93360573e-01   9.90373778e-01   7.94978504e-03
        38   3.85000000e-01   9.87799613e-01   9.82322410e-01   1.45911381e-02
        39   3.95000000e-01   9.78897630e-01   9.69508788e-01   2.51983340e-02
        40   4.05000000e-01   9.65511114e-01   9.50423846e-01   4.11192394e-02
        41   4.15000000e-01   9.46504071e-01   9.23693800e-01   6.37159644e-02
        42   4.25000000e-01   9.20884556e-01   8.88298906e-01   9.42527010e-02
        43   4.35000000e-01   8.87934129e-01   8.43735980e-01   1.33824351e-01
        44   4.45000000e-01   8.47319048e-01   7.90084982e-01   1.83339377e-01
        45   4.55000000e-01   7.99178094e-01   7.27961765e-01   2.43553059e-01
        46   4.65000000e-01   7.44178018e-01   6.58351851e-01   3.15138998e-01
        47   4.75000000e-01   6.83519391e-01   5.82321087e-01   3.98786103e-01
        48   4.85000000e-01   6.18871246e-01   5.00589479e-01   4.95310890e-01
        49   4.95000000e-01   5.52210364e-01   4.12971879e-01   6.05887367e-01
        50   5.05000000e-01   4.85565462e-01   3.18304953e-01   7.34251659e-01
        51   5.15000000e-01   4.18665115e-01   1.84107826e-01   9.10376225e-01
        52   5.25000000e-01   3.60873942e-01   1.08385206e-01   1.03294265e+00
        53   5.35000000e-01   3.81082535e-01   3.06486829e-01   7.13944845e-01
        54   5.45000000e-01   3.07953413e-01   1.93695072e-01   8.37305239e-01
        55   5.55000000e-01   2.76416577e-01   2.57457788e-01   7.09005978e-01
        56   5.65000000e-01   2.31910992e-01   2.44919148e-01   6.85116958e-01
        57   5.75000000e-01   1.96768187e-01   2.55078746e-01   6.27239784e-01
        58   5.85000000e-01   1.68838370e-01   2.56541445e-01   5.78392503e-01
        59   5.95000000e-01   1.47975142e-01   2.48216397e-01   5.15379865e-01
        60   6.05000000e-01   1.31895138e-01   2.36498289e-01   4.34520923e-01
        61   6.15000000e-01   1.21982658e-01   2.41067341e-01   3.96322530e-01
        62   6.25000000e-01   1.17042524e-01   2.56631383e-01   3.99232138e-01
        63   6.35000000e-01   1.13889673e-01   2.61339521e-01   3.93943634e-01
        64   6.45000000e-01   1.10373159e-01   2.28730366e-01   3.27792741e-01
        65   6.55000000e-01   1.05754928e-01   1.72079682e-01   1.93447463e-01
        66   6.65000000e-01   1.02268667e-01   1.28727025e-01   7.97968926e-02
        67   6.75000000e-01   1.00663369e-01   1.08309510e-01   2.38051881e-02
        68   6.85000000e-01   1.00135264e-01   1.01550214e-01   4.72585909e-03
        69   6.95000000e-01   1.00009073e-01   1.00009076e-01   1.82414373e-04
        70   7.05000000e-01   9.99925676e-02   9.98503554e-02  -3.43276910e-04
        71   7.15000000e-01   9.99953115e-02   9.99251203e-02  -1.93980462e-04
        72   7.25000000e-01   9.99983090e-02   9.99751037e-02  -6.55058681e-05
        73   7.35000000e-01   9.99994929e-02   9.99924587e-02  -1.52071570e-05
        74   7.45000000e-01   9.99995699e-02   9.99952394e-02   6.04972206e-06
        75   7.55000000e-01   9.99988689e-02   9.99866931e-02   3.63738412e-05
        76   7.65000000e-01   9.99967296e-02   9.99581996e-02   1.13456064e-04
        77   7.75000000e-01   9.99915115e-02   9.98835171e-02   3.03961751e-04
        78   7.85000000e-01   9.99804224e-02   9.97140394e-02   7.19113899e-04
        79   7.95000000e-01   9.99597540e-02   9.93780164e-02   1.51157190e-03
        80   8.05000000e-01   9.99261320e-02   9.87969390e-02   2.83028295e-03
        81   8.15000000e-01   9.98791172e-02   9.79273691e-02   4.72247811e-03
        82   8.25000000e-01   9.98249847e-02   9.68272472e-02   6.99292987e-03
        83   8.35000000e-01   9.97684937e-02   9.56699807e-02   9.17621915e-03
        84   8.45000000e-01   9.97305801e-02   9.47238096e-02   1.12067667e-02
        85   8.55000000e-01   9.97121040e-02   9.40407779e-02   1.18730001e-02
        86   8.65000000e-01   9.98097549e-02   9.49277433e-02   8.60432677e-03
        87   8.75000000e-01   1.00070247e-01   9.88131116e-02   2.67395516e-03
        88   8.85000000e-01   1.00410084e-01   1.01724345e-01  -1.24029504e-02
        89   8.95000000e-01   1.00975334e-01   1.11495636e-01  -2.09359816e-02
        90   9.05000000e-01   1.01498303e-01   1.13828669e-01  -3.57807809e-02
        91   9.15000000e-01   1.02004956e-01   1.15476153e-01  -4.44898156e-02
        92   9.25000000e-01   1.02799537e-01   1.19828101e-01  -3.92810662e-02
        93   9.35000000e-01   1.03568153e-01   1.15812627e-01  -4.65795908e-02
        94   9.45000000e-01   1.04401752e-01   1.13177817e-01  -5.13406402e-02
        95   9.55000000e-01   1.05615887e-01   1.16309830e-01  -4.25093989e-02
        96   9.65000000e-01   1.06811450e-01   1.12247816e-01  -4.61216369e-02
        97   9.75000000e-01   1.08053900e-01   1.11899920e-01  -4.67211951e-02
        98   9.85000000e-01   1.09248041e-01   1.10418110e-01  -4.57062965e-02
        99   9.95000000e-01   1.11439234e-01   1.10970095e-01  -4.04612731e-02
